{
  "num_ports": 20,
  "num_vessel_classes": 2,
  "num_time_intervals": 82,
  "ports": [
    {
      "unlo_code": "ESALG",
      "draught": 13.5,
      "total_movement_cost_pickup": 0.0,
      "total_movement_cost_delivery": 0.0,
      "call_fee_fixed_in_dollars": 0.773,
      "call_fee_per_vessel_class_in_dollars": [5.723,9.573],
      "is_hub": true,
      "pickup_demand_in_ffe": 0,
      "delivery_demand_in_ffe": 0,
      "total_revenue_for_pickup": 0.0,
      "total_revenue_for_delivery": 0.0,
      "penalty_if_not_served_pickup": 0.0,
      "penalty_if_not_served_delivery": 0.0,
      "allowed_vessel_classes": [true,true],
      "pickup_handling_time_in_time_intervals": 0,
      "delivery_handling_time_in_time_intervals": 0,
      "number_of_time_windows": 0,
      "time_windows_start_time_intervals": [],
      "time_windows_end_time_intervals": [],
      "pickup_max_transit_time_in_time_intervals": 82,
      "delivery_max_transit_time_in_time_intervals": 82,
      "distances": [0.0,2952.0,3382.0,3883.0,1928.0,1968.0,4099.0,3725.0,3409.0,2695.0,3388.0,3000.0,3769.0,2538.0,2195.0,1485.0,3626.0,2178.0,2887.0,3000.0]
    },
    {
      "unlo_code": "BJCOO",
      "draught": 9.5,
      "total_movement_cost_pickup": 9.8,
      "total_movement_cost_delivery": 71.575,
      "call_fee_fixed_in_dollars": 3.913,
      "call_fee_per_vessel_class_in_dollars": [4.813,5.513],
      "is_hub": false,
      "pickup_demand_in_ffe": 56,
      "delivery_demand_in_ffe": 409,
      "total_revenue_for_pickup": 90.16,
      "total_revenue_for_delivery": 715.75,
      "penalty_if_not_served_pickup": 0.0,
      "penalty_if_not_served_delivery": 0.0,
      "allowed_vessel_classes": [true,true],
      "pickup_handling_time_in_time_intervals": 1,
      "delivery_handling_time_in_time_intervals": 1,
      "number_of_time_windows": 28,
      "time_windows_start_time_intervals": [0,3,6,9,12,15,18,21,24,27,30,33,36,39,42,45,48,51,54,57,60,63,66,69,72,75,78,81],
      "time_windows_end_time_intervals": [0,3,6,9,12,15,18,21,24,27,30,33,36,39,42,45,48,51,54,57,60,63,66,69,72,75,78,81],
      "pickup_max_transit_time_in_time_intervals": 82,
      "delivery_max_transit_time_in_time_intervals": 82,
      "distances": [2952.0,0.0,547.0,1121.0,1177.0,1086.0,1328.0,995.0,486.0,257.0,564.0,64.0,1006.0,414.0,2554.0,1547.0,855.0,854.0,71.0,64.0]
    },
    {
      "unlo_code": "GALBV",
      "draught": 8.0,
      "total_movement_cost_pickup": 12.224,
      "total_movement_cost_delivery": 29.032,
      "call_fee_fixed_in_dollars": 32.981,
      "call_fee_per_vessel_class_in_dollars": [57.731,76.981],
      "is_hub": false,
      "pickup_demand_in_ffe": 32,
      "delivery_demand_in_ffe": 76,
      "total_revenue_for_pickup": 52.16,
      "total_revenue_for_delivery": 123.88,
      "penalty_if_not_served_pickup": 0.0,
      "penalty_if_not_served_delivery": 0.0,
      "allowed_vessel_classes": [true,false],
      "pickup_handling_time_in_time_intervals": 1,
      "delivery_handling_time_in_time_intervals": 1,
      "number_of_time_windows": 28,
      "time_windows_start_time_intervals": [0,3,6,9,12,15,18,21,24,27,30,33,36,39,42,45,48,51,54,57,60,63,66,69,72,75,78,81],
      "time_windows_end_time_intervals": [0,3,6,9,12,15,18,21,24,27,30,33,36,39,42,45,48,51,54,57,60,63,66,69,72,75,78,81],
      "pickup_max_transit_time_in_time_intervals": 82,
      "delivery_max_transit_time_in_time_intervals": 82,
      "distances": [3382.0,547.0,0.0,676.0,1607.0,1516.0,899.0,553.0,228.0,687.0,83.0,515.0,571.0,844.0,2984.0,1977.0,426.0,1284.0,596.0,515.0]
    },
    {
      "unlo_code": "AOLAD",
      "draught": 8.0,
      "total_movement_cost_pickup": 0.209,
      "total_movement_cost_delivery": 87.153,
      "call_fee_fixed_in_dollars": 23.272,
      "call_fee_per_vessel_class_in_dollars": [50.722,72.072],
      "is_hub": false,
      "pickup_demand_in_ffe": 1,
      "delivery_demand_in_ffe": 417,
      "total_revenue_for_pickup": 1.24,
      "total_revenue_for_delivery": 850.68,
      "penalty_if_not_served_pickup": 0.0,
      "penalty_if_not_served_delivery": 0.0,
      "allowed_vessel_classes": [true,false],
      "pickup_handling_time_in_time_intervals": 1,
      "delivery_handling_time_in_time_intervals": 1,
      "number_of_time_windows": 28,
      "time_windows_start_time_intervals": [0,3,6,9,12,15,18,21,24,27,30,33,36,39,42,45,48,51,54,57,60,63,66,69,72,75,78,81],
      "time_windows_end_time_intervals": [0,3,6,9,12,15,18,21,24,27,30,33,36,39,42,45,48,51,54,57,60,63,66,69,72,75,78,81],
      "pickup_max_transit_time_in_time_intervals": 82,
      "delivery_max_transit_time_in_time_intervals": 82,
      "distances": [3883.0,1121.0,676.0,0.0,2059.0,2034.0,237.0,190.0,879.0,1254.0,593.0,1104.0,269.0,1345.0,3409.0,2459.0,266.0,1766.0,1176.0,1104.0]
    },
    {
      "unlo_code": "GNCKY",
      "draught": 8.0,
      "total_movement_cost_pickup": 4.095,
      "total_movement_cost_delivery": 18.72,
      "call_fee_fixed_in_dollars": 24.804,
      "call_fee_per_vessel_class_in_dollars": [44.604,60.004],
      "is_hub": false,
      "pickup_demand_in_ffe": 35,
      "delivery_demand_in_ffe": 160,
      "total_revenue_for_pickup": 45.85,
      "total_revenue_for_delivery": 289.6,
      "penalty_if_not_served_pickup": 0.0,
      "penalty_if_not_served_delivery": 0.0,
      "allowed_vessel_classes": [true,false],
      "pickup_handling_time_in_time_intervals": 1,
      "delivery_handling_time_in_time_intervals": 1,
      "number_of_time_windows": 28,
      "time_windows_start_time_intervals": [0,3,6,9,12,15,18,21,24,27,30,33,36,39,42,45,48,51,54,57,60,63,66,69,72,75,78,81],
      "time_windows_end_time_intervals": [0,3,6,9,12,15,18,21,24,27,30,33,36,39,42,45,48,51,54,57,60,63,66,69,72,75,78,81],
      "pickup_max_transit_time_in_time_intervals": 82,
      "delivery_max_transit_time_in_time_intervals": 82,
      "distances": [1928.0,1177.0,1607.0,2059.0,0.0,93.0,2266.0,1899.0,1634.0,920.0,1550.0,1211.0,1915.0,782.0,1423.0,443.0,1793.0,323.0,1112.0,1211.0]
    },
    {
      "unlo_code": "SLFNA",
      "draught": 8.0,
      "total_movement_cost_pickup": 2.385,
      "total_movement_cost_delivery": 15.9,
      "call_fee_fixed_in_dollars": 34.052,
      "call_fee_per_vessel_class_in_dollars": [52.502,66.852],
      "is_hub": false,
      "pickup_demand_in_ffe": 9,
      "delivery_demand_in_ffe": 60,
      "total_revenue_for_pickup": 14.58,
      "total_revenue_for_delivery": 70.2,
      "penalty_if_not_served_pickup": 0.0,
      "penalty_if_not_served_delivery": 0.0,
      "allowed_vessel_classes": [true,false],
      "pickup_handling_time_in_time_intervals": 1,
      "delivery_handling_time_in_time_intervals": 1,
      "number_of_time_windows": 28,
      "time_windows_start_time_intervals": [0,3,6,9,12,15,18,21,24,27,30,33,36,39,42,45,48,51,54,57,60,63,66,69,72,75,78,81],
      "time_windows_end_time_intervals": [0,3,6,9,12,15,18,21,24,27,30,33,36,39,42,45,48,51,54,57,60,63,66,69,72,75,78,81],
      "pickup_max_transit_time_in_time_intervals": 82,
      "delivery_max_transit_time_in_time_intervals": 82,
      "distances": [1968.0,1086.0,1516.0,2034.0,93.0,0.0,2250.0,1854.0,1551.0,829.0,1496.0,1150.0,1844.0,689.0,1502.0,483.0,1777.0,278.0,1029.0,1150.0]
    },
    {
      "unlo_code": "AOLOB",
      "draught": 9.5,
      "total_movement_cost_pickup": 3.21,
      "total_movement_cost_delivery": 19.902,
      "call_fee_fixed_in_dollars": 25.906,
      "call_fee_per_vessel_class_in_dollars": [52.456,73.106],
      "is_hub": false,
      "pickup_demand_in_ffe": 30,
      "delivery_demand_in_ffe": 186,
      "total_revenue_for_pickup": 45.9,
      "total_revenue_for_delivery": 297.6,
      "penalty_if_not_served_pickup": 0.0,
      "penalty_if_not_served_delivery": 0.0,
      "allowed_vessel_classes": [true,true],
      "pickup_handling_time_in_time_intervals": 1,
      "delivery_handling_time_in_time_intervals": 1,
      "number_of_time_windows": 28,
      "time_windows_start_time_intervals": [0,3,6,9,12,15,18,21,24,27,30,33,36,39,42,45,48,51,54,57,60,63,66,69,72,75,78,81],
      "time_windows_end_time_intervals": [0,3,6,9,12,15,18,21,24,27,30,33,36,39,42,45,48,51,54,57,60,63,66,69,72,75,78,81],
      "pickup_max_transit_time_in_time_intervals": 82,
      "delivery_max_transit_time_in_time_intervals": 82,
      "distances": [4099.0,1328.0,899.0,237.0,2266.0,2250.0,0.0,427.0,1086.0,1474.0,830.0,1311.0,506.0,1561.0,3646.0,2691.0,473.0,1998.0,1383.0,1311.0]
    },
    {
      "unlo_code": "CDBOA",
      "draught": 9.5,
      "total_movement_cost_pickup": 0.0,
      "total_movement_cost_delivery": 13.104,
      "call_fee_fixed_in_dollars": 33.794,
      "call_fee_per_vessel_class_in_dollars": [60.344,80.994],
      "is_hub": false,
      "pickup_demand_in_ffe": 0,
      "delivery_demand_in_ffe": 36,
      "total_revenue_for_pickup": 0.0,
      "total_revenue_for_delivery": 123.48,
      "penalty_if_not_served_pickup": 0.0,
      "penalty_if_not_served_delivery": 0.0,
      "allowed_vessel_classes": [true,true],
      "pickup_handling_time_in_time_intervals": 1,
      "delivery_handling_time_in_time_intervals": 1,
      "number_of_time_windows": 28,
      "time_windows_start_time_intervals": [0,3,6,9,12,15,18,21,24,27,30,33,36,39,42,45,48,51,54,57,60,63,66,69,72,75,78,81],
      "time_windows_end_time_intervals": [0,3,6,9,12,15,18,21,24,27,30,33,36,39,42,45,48,51,54,57,60,63,66,69,72,75,78,81],
      "pickup_max_transit_time_in_time_intervals": 82,
      "delivery_max_transit_time_in_time_intervals": 82,
      "distances": [3725.0,995.0,553.0,190.0,1899.0,1854.0,427.0,0.0,742.0,1064.0,470.0,933.0,304.0,1187.0,3276.0,2269.0,140.0,1576.0,1050.0,933.0]
    },
    {
      "unlo_code": "CMDLA",
      "draught": 8.0,
      "total_movement_cost_pickup": 19.494,
      "total_movement_cost_delivery": 18.696,
      "call_fee_fixed_in_dollars": 24.272,
      "call_fee_per_vessel_class_in_dollars": [28.322,31.472],
      "is_hub": false,
      "pickup_demand_in_ffe": 171,
      "delivery_demand_in_ffe": 164,
      "total_revenue_for_pickup": 265.05,
      "total_revenue_for_delivery": 334.56,
      "penalty_if_not_served_pickup": 0.0,
      "penalty_if_not_served_delivery": 0.0,
      "allowed_vessel_classes": [true,false],
      "pickup_handling_time_in_time_intervals": 1,
      "delivery_handling_time_in_time_intervals": 1,
      "number_of_time_windows": 28,
      "time_windows_start_time_intervals": [0,3,6,9,12,15,18,21,24,27,30,33,36,39,42,45,48,51,54,57,60,63,66,69,72,75,78,81],
      "time_windows_end_time_intervals": [0,3,6,9,12,15,18,21,24,27,30,33,36,39,42,45,48,51,54,57,60,63,66,69,72,75,78,81],
      "pickup_max_transit_time_in_time_intervals": 82,
      "delivery_max_transit_time_in_time_intervals": 82,
      "distances": [3409.0,486.0,228.0,879.0,1634.0,1551.0,1086.0,742.0,0.0,722.0,297.0,449.0,777.0,871.0,3011.0,2004.0,613.0,1311.0,522.0,449.0]
    },
    {
      "unlo_code": "GHTKD",
      "draught": 8.0,
      "total_movement_cost_pickup": 36.176,
      "total_movement_cost_delivery": 125.286,
      "call_fee_fixed_in_dollars": 1.4,
      "call_fee_per_vessel_class_in_dollars": [3.65,5.4],
      "is_hub": false,
      "pickup_demand_in_ffe": 136,
      "delivery_demand_in_ffe": 471,
      "total_revenue_for_pickup": 280.16,
      "total_revenue_for_delivery": 551.07,
      "penalty_if_not_served_pickup": 0.0,
      "penalty_if_not_served_delivery": 0.0,
      "allowed_vessel_classes": [true,false],
      "pickup_handling_time_in_time_intervals": 1,
      "delivery_handling_time_in_time_intervals": 1,
      "number_of_time_windows": 28,
      "time_windows_start_time_intervals": [0,3,6,9,12,15,18,21,24,27,30,33,36,39,42,45,48,51,54,57,60,63,66,69,72,75,78,81],
      "time_windows_end_time_intervals": [0,3,6,9,12,15,18,21,24,27,30,33,36,39,42,45,48,51,54,57,60,63,66,69,72,75,78,81],
      "pickup_max_transit_time_in_time_intervals": 82,
      "delivery_max_transit_time_in_time_intervals": 82,
      "distances": [2695.0,257.0,687.0,1254.0,920.0,829.0,1474.0,1064.0,722.0,0.0,698.0,321.0,1105.0,157.0,2297.0,1290.0,1001.0,597.0,200.0,321.0]
    },
    {
      "unlo_code": "GAPOG",
      "draught": 8.0,
      "total_movement_cost_pickup": 1.02,
      "total_movement_cost_delivery": 0.255,
      "call_fee_fixed_in_dollars": 24.613,
      "call_fee_per_vessel_class_in_dollars": [51.163,71.813],
      "is_hub": false,
      "pickup_demand_in_ffe": 4,
      "delivery_demand_in_ffe": 1,
      "total_revenue_for_pickup": 8.08,
      "total_revenue_for_delivery": 1.65,
      "penalty_if_not_served_pickup": 0.0,
      "penalty_if_not_served_delivery": 0.0,
      "allowed_vessel_classes": [true,false],
      "pickup_handling_time_in_time_intervals": 1,
      "delivery_handling_time_in_time_intervals": 1,
      "number_of_time_windows": 28,
      "time_windows_start_time_intervals": [0,3,6,9,12,15,18,21,24,27,30,33,36,39,42,45,48,51,54,57,60,63,66,69,72,75,78,81],
      "time_windows_end_time_intervals": [0,3,6,9,12,15,18,21,24,27,30,33,36,39,42,45,48,51,54,57,60,63,66,69,72,75,78,81],
      "pickup_max_transit_time_in_time_intervals": 82,
      "delivery_max_transit_time_in_time_intervals": 82,
      "distances": [3388.0,564.0,83.0,593.0,1550.0,1496.0,830.0,470.0,297.0,698.0,0.0,540.0,502.0,850.0,2973.0,1971.0,359.0,1278.0,584.0,540.0]
    },
    {
      "unlo_code": "NGAPP",
      "draught": 11.0,
      "total_movement_cost_pickup": 156.8,
      "total_movement_cost_delivery": 156.8,
      "call_fee_fixed_in_dollars": 34.988,
      "call_fee_per_vessel_class_in_dollars": [39.938,43.788],
      "is_hub": false,
      "pickup_demand_in_ffe": 800,
      "delivery_demand_in_ffe": 800,
      "total_revenue_for_pickup": 1552.0,
      "total_revenue_for_delivery": 1384.0,
      "penalty_if_not_served_pickup": 0.0,
      "penalty_if_not_served_delivery": 0.0,
      "allowed_vessel_classes": [true,true],
      "pickup_handling_time_in_time_intervals": 1,
      "delivery_handling_time_in_time_intervals": 1,
      "number_of_time_windows": 28,
      "time_windows_start_time_intervals": [0,3,6,9,12,15,18,21,24,27,30,33,36,39,42,45,48,51,54,57,60,63,66,69,72,75,78,81],
      "time_windows_end_time_intervals": [0,3,6,9,12,15,18,21,24,27,30,33,36,39,42,45,48,51,54,57,60,63,66,69,72,75,78,81],
      "pickup_max_transit_time_in_time_intervals": 82,
      "delivery_max_transit_time_in_time_intervals": 82,
      "distances": [3000.0,64.0,515.0,1104.0,1211.0,1150.0,1311.0,933.0,449.0,321.0,540.0,0.0,1002.0,478.0,2612.0,1608.0,838.0,915.0,134.0,0.0]
    },
    {
      "unlo_code": "CDMAT",
      "draught": 9.5,
      "total_movement_cost_pickup": 3.61,
      "total_movement_cost_delivery": 47.652,
      "call_fee_fixed_in_dollars": 23.533,
      "call_fee_per_vessel_class_in_dollars": [48.283,67.533],
      "is_hub": false,
      "pickup_demand_in_ffe": 10,
      "delivery_demand_in_ffe": 132,
      "total_revenue_for_pickup": 19.8,
      "total_revenue_for_delivery": 260.04,
      "penalty_if_not_served_pickup": 0.0,
      "penalty_if_not_served_delivery": 0.0,
      "allowed_vessel_classes": [true,true],
      "pickup_handling_time_in_time_intervals": 1,
      "delivery_handling_time_in_time_intervals": 1,
      "number_of_time_windows": 28,
      "time_windows_start_time_intervals": [0,3,6,9,12,15,18,21,24,27,30,33,36,39,42,45,48,51,54,57,60,63,66,69,72,75,78,81],
      "time_windows_end_time_intervals": [0,3,6,9,12,15,18,21,24,27,30,33,36,39,42,45,48,51,54,57,60,63,66,69,72,75,78,81],
      "pickup_max_transit_time_in_time_intervals": 82,
      "delivery_max_transit_time_in_time_intervals": 82,
      "distances": [3769.0,1006.0,571.0,269.0,1915.0,1844.0,506.0,304.0,777.0,1105.0,502.0,1002.0,0.0,1231.0,3321.0,2314.0,164.0,1621.0,1066.0,1002.0]
    },
    {
      "unlo_code": "CIABJ",
      "draught": 9.5,
      "total_movement_cost_pickup": 33.15,
      "total_movement_cost_delivery": 32.3,
      "call_fee_fixed_in_dollars": 2.238,
      "call_fee_per_vessel_class_in_dollars": [9.438,15.038],
      "is_hub": false,
      "pickup_demand_in_ffe": 195,
      "delivery_demand_in_ffe": 190,
      "total_revenue_for_pickup": 508.95,
      "total_revenue_for_delivery": 366.7,
      "penalty_if_not_served_pickup": 0.0,
      "penalty_if_not_served_delivery": 0.0,
      "allowed_vessel_classes": [true,true],
      "pickup_handling_time_in_time_intervals": 1,
      "delivery_handling_time_in_time_intervals": 1,
      "number_of_time_windows": 28,
      "time_windows_start_time_intervals": [0,3,6,9,12,15,18,21,24,27,30,33,36,39,42,45,48,51,54,57,60,63,66,69,72,75,78,81],
      "time_windows_end_time_intervals": [0,3,6,9,12,15,18,21,24,27,30,33,36,39,42,45,48,51,54,57,60,63,66,69,72,75,78,81],
      "pickup_max_transit_time_in_time_intervals": 82,
      "delivery_max_transit_time_in_time_intervals": 82,
      "distances": [2538.0,414.0,844.0,1345.0,782.0,689.0,1561.0,1187.0,871.0,157.0,850.0,478.0,1231.0,0.0,2147.0,1151.0,1088.0,469.0,349.0,478.0]
    },
    {
      "unlo_code": "GWOXB",
      "draught": 8.0,
      "total_movement_cost_pickup": 9.672,
      "total_movement_cost_delivery": 1.209,
      "call_fee_fixed_in_dollars": 2.351,
      "call_fee_per_vessel_class_in_dollars": [6.401,9.551],
      "is_hub": false,
      "pickup_demand_in_ffe": 24,
      "delivery_demand_in_ffe": 3,
      "total_revenue_for_pickup": 48.0,
      "total_revenue_for_delivery": 4.14,
      "penalty_if_not_served_pickup": 0.0,
      "penalty_if_not_served_delivery": 0.0,
      "allowed_vessel_classes": [true,false],
      "pickup_handling_time_in_time_intervals": 1,
      "delivery_handling_time_in_time_intervals": 1,
      "number_of_time_windows": 28,
      "time_windows_start_time_intervals": [0,3,6,9,12,15,18,21,24,27,30,33,36,39,42,45,48,51,54,57,60,63,66,69,72,75,78,81],
      "time_windows_end_time_intervals": [0,3,6,9,12,15,18,21,24,27,30,33,36,39,42,45,48,51,54,57,60,63,66,69,72,75,78,81],
      "pickup_max_transit_time_in_time_intervals": 82,
      "delivery_max_transit_time_in_time_intervals": 82,
      "distances": [2195.0,2554.0,2984.0,3409.0,1423.0,1502.0,3646.0,3276.0,3011.0,2297.0,2973.0,2612.0,3321.0,2147.0,0.0,1712.0,3216.0,1700.0,2489.0,2612.0]
    },
    {
      "unlo_code": "SNDKR",
      "draught": 9.5,
      "total_movement_cost_pickup": 23.504,
      "total_movement_cost_delivery": 70.512,
      "call_fee_fixed_in_dollars": 1.67,
      "call_fee_per_vessel_class_in_dollars": [6.62,10.47],
      "is_hub": false,
      "pickup_demand_in_ffe": 113,
      "delivery_demand_in_ffe": 339,
      "total_revenue_for_pickup": 142.38,
      "total_revenue_for_delivery": 562.74,
      "penalty_if_not_served_pickup": 0.0,
      "penalty_if_not_served_delivery": 0.0,
      "allowed_vessel_classes": [true,true],
      "pickup_handling_time_in_time_intervals": 1,
      "delivery_handling_time_in_time_intervals": 1,
      "number_of_time_windows": 28,
      "time_windows_start_time_intervals": [0,3,6,9,12,15,18,21,24,27,30,33,36,39,42,45,48,51,54,57,60,63,66,69,72,75,78,81],
      "time_windows_end_time_intervals": [0,3,6,9,12,15,18,21,24,27,30,33,36,39,42,45,48,51,54,57,60,63,66,69,72,75,78,81],
      "pickup_max_transit_time_in_time_intervals": 82,
      "delivery_max_transit_time_in_time_intervals": 82,
      "distances": [1485.0,1547.0,1977.0,2459.0,443.0,483.0,2691.0,2269.0,2004.0,1290.0,1971.0,1608.0,2314.0,1151.0,1712.0,0.0,2218.0,693.0,1482.0,1608.0]
    },
    {
      "unlo_code": "CGPNR",
      "draught": 9.5,
      "total_movement_cost_pickup": 1.232,
      "total_movement_cost_delivery": 8.848,
      "call_fee_fixed_in_dollars": 0.916,
      "call_fee_per_vessel_class_in_dollars": [13.066,22.516],
      "is_hub": false,
      "pickup_demand_in_ffe": 11,
      "delivery_demand_in_ffe": 79,
      "total_revenue_for_pickup": 22.99,
      "total_revenue_for_delivery": 162.74,
      "penalty_if_not_served_pickup": 0.0,
      "penalty_if_not_served_delivery": 0.0,
      "allowed_vessel_classes": [true,true],
      "pickup_handling_time_in_time_intervals": 1,
      "delivery_handling_time_in_time_intervals": 1,
      "number_of_time_windows": 28,
      "time_windows_start_time_intervals": [0,3,6,9,12,15,18,21,24,27,30,33,36,39,42,45,48,51,54,57,60,63,66,69,72,75,78,81],
      "time_windows_end_time_intervals": [0,3,6,9,12,15,18,21,24,27,30,33,36,39,42,45,48,51,54,57,60,63,66,69,72,75,78,81],
      "pickup_max_transit_time_in_time_intervals": 82,
      "delivery_max_transit_time_in_time_intervals": 82,
      "distances": [3626.0,855.0,426.0,266.0,1793.0,1777.0,473.0,140.0,613.0,1001.0,359.0,838.0,164.0,1088.0,3216.0,2218.0,0.0,1525.0,910.0,838.0]
    },
    {
      "unlo_code": "LRMLW",
      "draught": 8.0,
      "total_movement_cost_pickup": 5.704,
      "total_movement_cost_delivery": 15.64,
      "call_fee_fixed_in_dollars": 32.401,
      "call_fee_per_vessel_class_in_dollars": [58.951,79.601],
      "is_hub": false,
      "pickup_demand_in_ffe": 31,
      "delivery_demand_in_ffe": 85,
      "total_revenue_for_pickup": 66.65,
      "total_revenue_for_delivery": 196.35,
      "penalty_if_not_served_pickup": 0.0,
      "penalty_if_not_served_delivery": 0.0,
      "allowed_vessel_classes": [true,false],
      "pickup_handling_time_in_time_intervals": 1,
      "delivery_handling_time_in_time_intervals": 1,
      "number_of_time_windows": 28,
      "time_windows_start_time_intervals": [0,3,6,9,12,15,18,21,24,27,30,33,36,39,42,45,48,51,54,57,60,63,66,69,72,75,78,81],
      "time_windows_end_time_intervals": [0,3,6,9,12,15,18,21,24,27,30,33,36,39,42,45,48,51,54,57,60,63,66,69,72,75,78,81],
      "pickup_max_transit_time_in_time_intervals": 82,
      "delivery_max_transit_time_in_time_intervals": 82,
      "distances": [2178.0,854.0,1284.0,1766.0,323.0,278.0,1998.0,1576.0,1311.0,597.0,1278.0,915.0,1621.0,469.0,1700.0,693.0,1525.0,0.0,789.0,915.0]
    },
    {
      "unlo_code": "TGLFW",
      "draught": 9.5,
      "total_movement_cost_pickup": 24.276,
      "total_movement_cost_delivery": 71.383,
      "call_fee_fixed_in_dollars": 6.812,
      "call_fee_per_vessel_class_in_dollars": [7.712,8.412],
      "is_hub": false,
      "pickup_demand_in_ffe": 84,
      "delivery_demand_in_ffe": 247,
      "total_revenue_for_pickup": 131.04,
      "total_revenue_for_delivery": 402.61,
      "penalty_if_not_served_pickup": 0.0,
      "penalty_if_not_served_delivery": 0.0,
      "allowed_vessel_classes": [true,true],
      "pickup_handling_time_in_time_intervals": 1,
      "delivery_handling_time_in_time_intervals": 1,
      "number_of_time_windows": 28,
      "time_windows_start_time_intervals": [0,3,6,9,12,15,18,21,24,27,30,33,36,39,42,45,48,51,54,57,60,63,66,69,72,75,78,81],
      "time_windows_end_time_intervals": [0,3,6,9,12,15,18,21,24,27,30,33,36,39,42,45,48,51,54,57,60,63,66,69,72,75,78,81],
      "pickup_max_transit_time_in_time_intervals": 82,
      "delivery_max_transit_time_in_time_intervals": 82,
      "distances": [2887.0,71.0,596.0,1176.0,1112.0,1029.0,1383.0,1050.0,522.0,200.0,584.0,134.0,1066.0,349.0,2489.0,1482.0,910.0,789.0,0.0,134.0]
    },
    {
      "unlo_code": "NGAPP-2",
      "draught": 11.0,
      "total_movement_cost_pickup": 0.0,
      "total_movement_cost_delivery": 28.028,
      "call_fee_fixed_in_dollars": 34.988,
      "call_fee_per_vessel_class_in_dollars": [39.938,43.788],
      "is_hub": false,
      "pickup_demand_in_ffe": 0,
      "delivery_demand_in_ffe": 143,
      "total_revenue_for_pickup": 0.0,
      "total_revenue_for_delivery": 247.39,
      "penalty_if_not_served_pickup": 0.0,
      "penalty_if_not_served_delivery": 0.0,
      "allowed_vessel_classes": [true,true],
      "pickup_handling_time_in_time_intervals": 1,
      "delivery_handling_time_in_time_intervals": 1,
      "number_of_time_windows": 28,
      "time_windows_start_time_intervals": [0,3,6,9,12,15,18,21,24,27,30,33,36,39,42,45,48,51,54,57,60,63,66,69,72,75,78,81],
      "time_windows_end_time_intervals": [0,3,6,9,12,15,18,21,24,27,30,33,36,39,42,45,48,51,54,57,60,63,66,69,72,75,78,81],
      "pickup_max_transit_time_in_time_intervals": 82,
      "delivery_max_transit_time_in_time_intervals": 82,
      "distances": [3000.0,64.0,515.0,1104.0,1211.0,1150.0,1311.0,933.0,449.0,321.0,540.0,0.0,1002.0,478.0,2612.0,1608.0,838.0,915.0,134.0,0.0]
    }
  ],
  "vessel_classes": [
    {
      "vessel_class_name": "Feeder_450",
      "capacity_in_ffe": 450,
      "time_charter_cost_per_time_interval": 1.6667,
      "draught": 8.0,
      "cost_when_idle_in_dollars_per_time_interval": 0.3,
      "number_of_available_vessels": 3,
      "speeds_in_miles_per_time_interval": [80.0,96.0,112.0],
      "speed_costs_in_dollars_per_time_interval": [1.36,2.35,3.7317]
    },
    {
      "vessel_class_name": "Feeder_800",
      "capacity_in_ffe": 800,
      "time_charter_cost_per_time_interval": 2.6667,
      "draught": 9.5,
      "cost_when_idle_in_dollars_per_time_interval": 0.3125,
      "number_of_available_vessels": 7,
      "speeds_in_miles_per_time_interval": [80.0,108.0,136.0],
      "speed_costs_in_dollars_per_time_interval": [1.0796,2.6563,5.3042]
    }
  ],
  "distances": [
    [
      0.0,
      2952.0,
      3382.0,
      3883.0,
      1928.0,
      1968.0,
      4099.0,
      3725.0,
      3409.0,
      2695.0,
      3388.0,
      3000.0,
      3769.0,
      2538.0,
      2195.0,
      1485.0,
      3626.0,
      2178.0,
      2887.0,
      3000.0
    ],
    [
      2952.0,
      0.0,
      547.0,
      1121.0,
      1177.0,
      1086.0,
      1328.0,
      995.0,
      486.0,
      257.0,
      564.0,
      64.0,
      1006.0,
      414.0,
      2554.0,
      1547.0,
      855.0,
      854.0,
      71.0,
      64.0
    ],
    [
      3382.0,
      547.0,
      0.0,
      676.0,
      1607.0,
      1516.0,
      899.0,
      553.0,
      228.0,
      687.0,
      83.0,
      515.0,
      571.0,
      844.0,
      2984.0,
      1977.0,
      426.0,
      1284.0,
      596.0,
      515.0
    ],
    [
      3883.0,
      1121.0,
      676.0,
      0.0,
      2059.0,
      2034.0,
      237.0,
      190.0,
      879.0,
      1254.0,
      593.0,
      1104.0,
      269.0,
      1345.0,
      3409.0,
      2459.0,
      266.0,
      1766.0,
      1176.0,
      1104.0
    ],
    [
      1928.0,
      1177.0,
      1607.0,
      2059.0,
      0.0,
      93.0,
      2266.0,
      1899.0,
      1634.0,
      920.0,
      1550.0,
      1211.0,
      1915.0,
      782.0,
      1423.0,
      443.0,
      1793.0,
      323.0,
      1112.0,
      1211.0
    ],
    [
      1968.0,
      1086.0,
      1516.0,
      2034.0,
      93.0,
      0.0,
      2250.0,
      1854.0,
      1551.0,
      829.0,
      1496.0,
      1150.0,
      1844.0,
      689.0,
      1502.0,
      483.0,
      1777.0,
      278.0,
      1029.0,
      1150.0
    ],
    [
      4099.0,
      1328.0,
      899.0,
      237.0,
      2266.0,
      2250.0,
      0.0,
      427.0,
      1086.0,
      1474.0,
      830.0,
      1311.0,
      506.0,
      1561.0,
      3646.0,
      2691.0,
      473.0,
      1998.0,
      1383.0,
      1311.0
    ],
    [
      3725.0,
      995.0,
      553.0,
      190.0,
      1899.0,
      1854.0,
      427.0,
      0.0,
      742.0,
      1064.0,
      470.0,
      933.0,
      304.0,
      1187.0,
      3276.0,
      2269.0,
      140.0,
      1576.0,
      1050.0,
      933.0
    ],
    [
      3409.0,
      486.0,
      228.0,
      879.0,
      1634.0,
      1551.0,
      1086.0,
      742.0,
      0.0,
      722.0,
      297.0,
      449.0,
      777.0,
      871.0,
      3011.0,
      2004.0,
      613.0,
      1311.0,
      522.0,
      449.0
    ],
    [
      2695.0,
      257.0,
      687.0,
      1254.0,
      920.0,
      829.0,
      1474.0,
      1064.0,
      722.0,
      0.0,
      698.0,
      321.0,
      1105.0,
      157.0,
      2297.0,
      1290.0,
      1001.0,
      597.0,
      200.0,
      321.0
    ],
    [
      3388.0,
      564.0,
      83.0,
      593.0,
      1550.0,
      1496.0,
      830.0,
      470.0,
      297.0,
      698.0,
      0.0,
      540.0,
      502.0,
      850.0,
      2973.0,
      1971.0,
      359.0,
      1278.0,
      584.0,
      540.0
    ],
    [
      3000.0,
      64.0,
      515.0,
      1104.0,
      1211.0,
      1150.0,
      1311.0,
      933.0,
      449.0,
      321.0,
      540.0,
      0.0,
      1002.0,
      478.0,
      2612.0,
      1608.0,
      838.0,
      915.0,
      134.0,
      0.0
    ],
    [
      3769.0,
      1006.0,
      571.0,
      269.0,
      1915.0,
      1844.0,
      506.0,
      304.0,
      777.0,
      1105.0,
      502.0,
      1002.0,
      0.0,
      1231.0,
      3321.0,
      2314.0,
      164.0,
      1621.0,
      1066.0,
      1002.0
    ],
    [
      2538.0,
      414.0,
      844.0,
      1345.0,
      782.0,
      689.0,
      1561.0,
      1187.0,
      871.0,
      157.0,
      850.0,
      478.0,
      1231.0,
      0.0,
      2147.0,
      1151.0,
      1088.0,
      469.0,
      349.0,
      478.0
    ],
    [
      2195.0,
      2554.0,
      2984.0,
      3409.0,
      1423.0,
      1502.0,
      3646.0,
      3276.0,
      3011.0,
      2297.0,
      2973.0,
      2612.0,
      3321.0,
      2147.0,
      0.0,
      1712.0,
      3216.0,
      1700.0,
      2489.0,
      2612.0
    ],
    [
      1485.0,
      1547.0,
      1977.0,
      2459.0,
      443.0,
      483.0,
      2691.0,
      2269.0,
      2004.0,
      1290.0,
      1971.0,
      1608.0,
      2314.0,
      1151.0,
      1712.0,
      0.0,
      2218.0,
      693.0,
      1482.0,
      1608.0
    ],
    [
      3626.0,
      855.0,
      426.0,
      266.0,
      1793.0,
      1777.0,
      473.0,
      140.0,
      613.0,
      1001.0,
      359.0,
      838.0,
      164.0,
      1088.0,
      3216.0,
      2218.0,
      0.0,
      1525.0,
      910.0,
      838.0
    ],
    [
      2178.0,
      854.0,
      1284.0,
      1766.0,
      323.0,
      278.0,
      1998.0,
      1576.0,
      1311.0,
      597.0,
      1278.0,
      915.0,
      1621.0,
      469.0,
      1700.0,
      693.0,
      1525.0,
      0.0,
      789.0,
      915.0
    ],
    [
      2887.0,
      71.0,
      596.0,
      1176.0,
      1112.0,
      1029.0,
      1383.0,
      1050.0,
      522.0,
      200.0,
      584.0,
      134.0,
      1066.0,
      349.0,
      2489.0,
      1482.0,
      910.0,
      789.0,
      0.0,
      134.0
    ],
    [
      3000.0,
      64.0,
      515.0,
      1104.0,
      1211.0,
      1150.0,
      1311.0,
      933.0,
      449.0,
      321.0,
      540.0,
      0.0,
      1002.0,
      478.0,
      2612.0,
      1608.0,
      838.0,
      915.0,
      134.0,
      0.0
    ]
  ]
}
