{
  "num_ports": 20,
  "num_vessel_classes": 2,
  "num_time_intervals": 166,
  "ports": [
    {
      "unlo_code": "ESALG",
      "draught": 13.5,
      "total_movement_cost_pickup": 0.0,
      "total_movement_cost_delivery": 0.0,
      "call_fee_fixed_in_dollars": 773.0,
      "call_fee_per_vessel_class_in_dollars": [5723.0,9573.0],
      "is_hub": true,
      "pickup_demand_in_ffe": 0,
      "delivery_demand_in_ffe": 0,
      "total_revenue_for_pickup": 0.0,
      "total_revenue_for_delivery": 0.0,
      "penalty_if_not_served_pickup": 0.0,
      "penalty_if_not_served_delivery": 0.0,
      "allowed_vessel_classes": [true,true],
      "pickup_handling_time_in_time_intervals": 0,
      "delivery_handling_time_in_time_intervals": 0,
      "number_of_time_windows": 0,
      "time_windows_start_time_intervals": [],
      "time_windows_end_time_intervals": [],
      "pickup_max_transit_time_in_time_intervals": 166,
      "delivery_max_transit_time_in_time_intervals": 166,
      "distances": [0.0,2695.0,3382.0,3883.0,1928.0,1968.0,4099.0,3725.0,3409.0,2952.0,3388.0,3000.0,3769.0,2538.0,2195.0,1485.0,3626.0,2178.0,2887.0,3000.0]
    },
    {
      "unlo_code": "GHTKD",
      "draught": 8.0,
      "total_movement_cost_pickup": 60382.0,
      "total_movement_cost_delivery": 208810.0,
      "call_fee_fixed_in_dollars": 1400.0,
      "call_fee_per_vessel_class_in_dollars": [3650.0,5400.0],
      "is_hub": false,
      "pickup_demand_in_ffe": 227,
      "delivery_demand_in_ffe": 785,
      "total_revenue_for_pickup": 467620.0,
      "total_revenue_for_delivery": 918450.0,
      "penalty_if_not_served_pickup": 46762000.0,
      "penalty_if_not_served_delivery": 91845000.0,
      "allowed_vessel_classes": [true,false],
      "pickup_handling_time_in_time_intervals": 1,
      "delivery_handling_time_in_time_intervals": 2,
      "number_of_time_windows": 0,
      "time_windows_start_time_intervals": [],
      "time_windows_end_time_intervals": [],
      "pickup_max_transit_time_in_time_intervals": 166,
      "delivery_max_transit_time_in_time_intervals": 166,
      "distances": [2695.0,0.0,687.0,1254.0,920.0,829.0,1474.0,1064.0,722.0,257.0,698.0,321.0,1105.0,157.0,2297.0,1290.0,1001.0,597.0,200.0,321.0]
    },
    {
      "unlo_code": "GALBV",
      "draught": 8.0,
      "total_movement_cost_pickup": 20628.0,
      "total_movement_cost_delivery": 48896.0,
      "call_fee_fixed_in_dollars": 32981.0,
      "call_fee_per_vessel_class_in_dollars": [57731.0,76981.0],
      "is_hub": false,
      "pickup_demand_in_ffe": 54,
      "delivery_demand_in_ffe": 128,
      "total_revenue_for_pickup": 88020.0,
      "total_revenue_for_delivery": 208640.0,
      "penalty_if_not_served_pickup": 8802000.0,
      "penalty_if_not_served_delivery": 20864000.0,
      "allowed_vessel_classes": [true,false],
      "pickup_handling_time_in_time_intervals": 1,
      "delivery_handling_time_in_time_intervals": 1,
      "number_of_time_windows": 0,
      "time_windows_start_time_intervals": [],
      "time_windows_end_time_intervals": [],
      "pickup_max_transit_time_in_time_intervals": 166,
      "delivery_max_transit_time_in_time_intervals": 166,
      "distances": [3382.0,687.0,0.0,676.0,1607.0,1516.0,899.0,553.0,228.0,547.0,83.0,515.0,571.0,844.0,2984.0,1977.0,426.0,1284.0,596.0,515.0]
    },
    {
      "unlo_code": "AOLAD",
      "draught": 8.0,
      "total_movement_cost_pickup": 418.0,
      "total_movement_cost_delivery": 145464.0,
      "call_fee_fixed_in_dollars": 23272.0,
      "call_fee_per_vessel_class_in_dollars": [50722.0,72072.0],
      "is_hub": false,
      "pickup_demand_in_ffe": 2,
      "delivery_demand_in_ffe": 696,
      "total_revenue_for_pickup": 2480.0,
      "total_revenue_for_delivery": 1419840.0,
      "penalty_if_not_served_pickup": 248000.0,
      "penalty_if_not_served_delivery": 141984000.0,
      "allowed_vessel_classes": [true,false],
      "pickup_handling_time_in_time_intervals": 1,
      "delivery_handling_time_in_time_intervals": 2,
      "number_of_time_windows": 0,
      "time_windows_start_time_intervals": [],
      "time_windows_end_time_intervals": [],
      "pickup_max_transit_time_in_time_intervals": 166,
      "delivery_max_transit_time_in_time_intervals": 166,
      "distances": [3883.0,1254.0,676.0,0.0,2059.0,2034.0,237.0,190.0,879.0,1121.0,593.0,1104.0,269.0,1345.0,3409.0,2459.0,266.0,1766.0,1176.0,1104.0]
    },
    {
      "unlo_code": "GNCKY",
      "draught": 8.0,
      "total_movement_cost_pickup": 6903.0,
      "total_movement_cost_delivery": 31239.0,
      "call_fee_fixed_in_dollars": 24804.0,
      "call_fee_per_vessel_class_in_dollars": [44604.0,60004.0],
      "is_hub": false,
      "pickup_demand_in_ffe": 59,
      "delivery_demand_in_ffe": 267,
      "total_revenue_for_pickup": 77290.0,
      "total_revenue_for_delivery": 483270.0,
      "penalty_if_not_served_pickup": 7729000.0,
      "penalty_if_not_served_delivery": 48327000.0,
      "allowed_vessel_classes": [true,false],
      "pickup_handling_time_in_time_intervals": 1,
      "delivery_handling_time_in_time_intervals": 1,
      "number_of_time_windows": 0,
      "time_windows_start_time_intervals": [],
      "time_windows_end_time_intervals": [],
      "pickup_max_transit_time_in_time_intervals": 166,
      "delivery_max_transit_time_in_time_intervals": 166,
      "distances": [1928.0,920.0,1607.0,2059.0,0.0,93.0,2266.0,1899.0,1634.0,1177.0,1550.0,1211.0,1915.0,782.0,1423.0,443.0,1793.0,323.0,1112.0,1211.0]
    },
    {
      "unlo_code": "SLFNA",
      "draught": 8.0,
      "total_movement_cost_pickup": 4240.0,
      "total_movement_cost_delivery": 26765.0,
      "call_fee_fixed_in_dollars": 34052.0,
      "call_fee_per_vessel_class_in_dollars": [52502.0,66852.0],
      "is_hub": false,
      "pickup_demand_in_ffe": 16,
      "delivery_demand_in_ffe": 101,
      "total_revenue_for_pickup": 25920.0,
      "total_revenue_for_delivery": 118170.0,
      "penalty_if_not_served_pickup": 2592000.0,
      "penalty_if_not_served_delivery": 11817000.0,
      "allowed_vessel_classes": [true,false],
      "pickup_handling_time_in_time_intervals": 1,
      "delivery_handling_time_in_time_intervals": 1,
      "number_of_time_windows": 0,
      "time_windows_start_time_intervals": [],
      "time_windows_end_time_intervals": [],
      "pickup_max_transit_time_in_time_intervals": 166,
      "delivery_max_transit_time_in_time_intervals": 166,
      "distances": [1968.0,829.0,1516.0,2034.0,93.0,0.0,2250.0,1854.0,1551.0,1086.0,1496.0,1150.0,1844.0,689.0,1502.0,483.0,1777.0,278.0,1029.0,1150.0]
    },
    {
      "unlo_code": "AOLOB",
      "draught": 9.5,
      "total_movement_cost_pickup": 5457.0,
      "total_movement_cost_delivery": 33277.0,
      "call_fee_fixed_in_dollars": 25906.0,
      "call_fee_per_vessel_class_in_dollars": [52456.0,73106.0],
      "is_hub": false,
      "pickup_demand_in_ffe": 51,
      "delivery_demand_in_ffe": 311,
      "total_revenue_for_pickup": 78030.0,
      "total_revenue_for_delivery": 497600.0,
      "penalty_if_not_served_pickup": 7803000.0,
      "penalty_if_not_served_delivery": 49760000.0,
      "allowed_vessel_classes": [true,true],
      "pickup_handling_time_in_time_intervals": 1,
      "delivery_handling_time_in_time_intervals": 1,
      "number_of_time_windows": 0,
      "time_windows_start_time_intervals": [],
      "time_windows_end_time_intervals": [],
      "pickup_max_transit_time_in_time_intervals": 166,
      "delivery_max_transit_time_in_time_intervals": 166,
      "distances": [4099.0,1474.0,899.0,237.0,2266.0,2250.0,0.0,427.0,1086.0,1328.0,830.0,1311.0,506.0,1561.0,3646.0,2691.0,473.0,1998.0,1383.0,1311.0]
    },
    {
      "unlo_code": "CDBOA",
      "draught": 9.5,
      "total_movement_cost_pickup": 0.0,
      "total_movement_cost_delivery": 21840.0,
      "call_fee_fixed_in_dollars": 33794.0,
      "call_fee_per_vessel_class_in_dollars": [60344.0,80994.0],
      "is_hub": false,
      "pickup_demand_in_ffe": 0,
      "delivery_demand_in_ffe": 60,
      "total_revenue_for_pickup": 0.0,
      "total_revenue_for_delivery": 205800.0,
      "penalty_if_not_served_pickup": 0.0,
      "penalty_if_not_served_delivery": 20580000.0,
      "allowed_vessel_classes": [true,true],
      "pickup_handling_time_in_time_intervals": 1,
      "delivery_handling_time_in_time_intervals": 1,
      "number_of_time_windows": 0,
      "time_windows_start_time_intervals": [],
      "time_windows_end_time_intervals": [],
      "pickup_max_transit_time_in_time_intervals": 166,
      "delivery_max_transit_time_in_time_intervals": 166,
      "distances": [3725.0,1064.0,553.0,190.0,1899.0,1854.0,427.0,0.0,742.0,995.0,470.0,933.0,304.0,1187.0,3276.0,2269.0,140.0,1576.0,1050.0,933.0]
    },
    {
      "unlo_code": "CMDLA",
      "draught": 8.0,
      "total_movement_cost_pickup": 32604.0,
      "total_movement_cost_delivery": 31236.0,
      "call_fee_fixed_in_dollars": 24272.0,
      "call_fee_per_vessel_class_in_dollars": [28322.0,31472.0],
      "is_hub": false,
      "pickup_demand_in_ffe": 286,
      "delivery_demand_in_ffe": 274,
      "total_revenue_for_pickup": 443300.0,
      "total_revenue_for_delivery": 558960.0,
      "penalty_if_not_served_pickup": 44330000.0,
      "penalty_if_not_served_delivery": 55896000.0,
      "allowed_vessel_classes": [true,false],
      "pickup_handling_time_in_time_intervals": 1,
      "delivery_handling_time_in_time_intervals": 1,
      "number_of_time_windows": 0,
      "time_windows_start_time_intervals": [],
      "time_windows_end_time_intervals": [],
      "pickup_max_transit_time_in_time_intervals": 166,
      "delivery_max_transit_time_in_time_intervals": 166,
      "distances": [3409.0,722.0,228.0,879.0,1634.0,1551.0,1086.0,742.0,0.0,486.0,297.0,449.0,777.0,871.0,3011.0,2004.0,613.0,1311.0,522.0,449.0]
    },
    {
      "unlo_code": "BJCOO",
      "draught": 9.5,
      "total_movement_cost_pickup": 16450.0,
      "total_movement_cost_delivery": 119525.0,
      "call_fee_fixed_in_dollars": 3913.0,
      "call_fee_per_vessel_class_in_dollars": [4813.0,5513.0],
      "is_hub": false,
      "pickup_demand_in_ffe": 94,
      "delivery_demand_in_ffe": 683,
      "total_revenue_for_pickup": 151340.0,
      "total_revenue_for_delivery": 1195250.0,
      "penalty_if_not_served_pickup": 15134000.0,
      "penalty_if_not_served_delivery": 119525000.0,
      "allowed_vessel_classes": [true,true],
      "pickup_handling_time_in_time_intervals": 1,
      "delivery_handling_time_in_time_intervals": 2,
      "number_of_time_windows": 0,
      "time_windows_start_time_intervals": [],
      "time_windows_end_time_intervals": [],
      "pickup_max_transit_time_in_time_intervals": 166,
      "delivery_max_transit_time_in_time_intervals": 166,
      "distances": [2952.0,257.0,547.0,1121.0,1177.0,1086.0,1328.0,995.0,486.0,0.0,564.0,64.0,1006.0,414.0,2554.0,1547.0,855.0,854.0,71.0,64.0]
    },
    {
      "unlo_code": "GAPOG",
      "draught": 8.0,
      "total_movement_cost_pickup": 2040.0,
      "total_movement_cost_delivery": 510.0,
      "call_fee_fixed_in_dollars": 24613.0,
      "call_fee_per_vessel_class_in_dollars": [51163.0,71813.0],
      "is_hub": false,
      "pickup_demand_in_ffe": 8,
      "delivery_demand_in_ffe": 2,
      "total_revenue_for_pickup": 16160.0,
      "total_revenue_for_delivery": 3300.0,
      "penalty_if_not_served_pickup": 1616000.0,
      "penalty_if_not_served_delivery": 330000.0,
      "allowed_vessel_classes": [true,false],
      "pickup_handling_time_in_time_intervals": 1,
      "delivery_handling_time_in_time_intervals": 1,
      "number_of_time_windows": 0,
      "time_windows_start_time_intervals": [],
      "time_windows_end_time_intervals": [],
      "pickup_max_transit_time_in_time_intervals": 166,
      "delivery_max_transit_time_in_time_intervals": 166,
      "distances": [3388.0,698.0,83.0,593.0,1550.0,1496.0,830.0,470.0,297.0,564.0,0.0,540.0,502.0,850.0,2973.0,1971.0,359.0,1278.0,584.0,540.0]
    },
    {
      "unlo_code": "NGAPP",
      "draught": 11.0,
      "total_movement_cost_pickup": 156800.0,
      "total_movement_cost_delivery": 156800.0,
      "call_fee_fixed_in_dollars": 34988.0,
      "call_fee_per_vessel_class_in_dollars": [39938.0,43788.0],
      "is_hub": false,
      "pickup_demand_in_ffe": 800,
      "delivery_demand_in_ffe": 800,
      "total_revenue_for_pickup": 1552000.0,
      "total_revenue_for_delivery": 1384000.0,
      "penalty_if_not_served_pickup": 155200000.0,
      "penalty_if_not_served_delivery": 138400000.0,
      "allowed_vessel_classes": [true,true],
      "pickup_handling_time_in_time_intervals": 1,
      "delivery_handling_time_in_time_intervals": 2,
      "number_of_time_windows": 0,
      "time_windows_start_time_intervals": [],
      "time_windows_end_time_intervals": [],
      "pickup_max_transit_time_in_time_intervals": 166,
      "delivery_max_transit_time_in_time_intervals": 166,
      "distances": [3000.0,321.0,515.0,1104.0,1211.0,1150.0,1311.0,933.0,449.0,64.0,540.0,0.0,1002.0,478.0,2612.0,1608.0,838.0,915.0,134.0,0.0]
    },
    {
      "unlo_code": "CDMAT",
      "draught": 9.5,
      "total_movement_cost_pickup": 6137.0,
      "total_movement_cost_delivery": 79420.0,
      "call_fee_fixed_in_dollars": 23533.0,
      "call_fee_per_vessel_class_in_dollars": [48283.0,67533.0],
      "is_hub": false,
      "pickup_demand_in_ffe": 17,
      "delivery_demand_in_ffe": 220,
      "total_revenue_for_pickup": 33660.0,
      "total_revenue_for_delivery": 433400.0,
      "penalty_if_not_served_pickup": 3366000.0,
      "penalty_if_not_served_delivery": 43340000.0,
      "allowed_vessel_classes": [true,true],
      "pickup_handling_time_in_time_intervals": 1,
      "delivery_handling_time_in_time_intervals": 1,
      "number_of_time_windows": 0,
      "time_windows_start_time_intervals": [],
      "time_windows_end_time_intervals": [],
      "pickup_max_transit_time_in_time_intervals": 166,
      "delivery_max_transit_time_in_time_intervals": 166,
      "distances": [3769.0,1105.0,571.0,269.0,1915.0,1844.0,506.0,304.0,777.0,1006.0,502.0,1002.0,0.0,1231.0,3321.0,2314.0,164.0,1621.0,1066.0,1002.0]
    },
    {
      "unlo_code": "CIABJ",
      "draught": 9.5,
      "total_movement_cost_pickup": 55420.0,
      "total_movement_cost_delivery": 53890.0,
      "call_fee_fixed_in_dollars": 2238.0,
      "call_fee_per_vessel_class_in_dollars": [9438.0,15038.0],
      "is_hub": false,
      "pickup_demand_in_ffe": 326,
      "delivery_demand_in_ffe": 317,
      "total_revenue_for_pickup": 850860.0,
      "total_revenue_for_delivery": 611810.0,
      "penalty_if_not_served_pickup": 85086000.0,
      "penalty_if_not_served_delivery": 61181000.0,
      "allowed_vessel_classes": [true,true],
      "pickup_handling_time_in_time_intervals": 1,
      "delivery_handling_time_in_time_intervals": 1,
      "number_of_time_windows": 0,
      "time_windows_start_time_intervals": [],
      "time_windows_end_time_intervals": [],
      "pickup_max_transit_time_in_time_intervals": 166,
      "delivery_max_transit_time_in_time_intervals": 166,
      "distances": [2538.0,157.0,844.0,1345.0,782.0,689.0,1561.0,1187.0,871.0,414.0,850.0,478.0,1231.0,0.0,2147.0,1151.0,1088.0,469.0,349.0,478.0]
    },
    {
      "unlo_code": "GWOXB",
      "draught": 8.0,
      "total_movement_cost_pickup": 16120.0,
      "total_movement_cost_delivery": 2015.0,
      "call_fee_fixed_in_dollars": 2351.0,
      "call_fee_per_vessel_class_in_dollars": [6401.0,9551.0],
      "is_hub": false,
      "pickup_demand_in_ffe": 40,
      "delivery_demand_in_ffe": 5,
      "total_revenue_for_pickup": 80000.0,
      "total_revenue_for_delivery": 6900.0,
      "penalty_if_not_served_pickup": 8000000.0,
      "penalty_if_not_served_delivery": 690000.0,
      "allowed_vessel_classes": [true,false],
      "pickup_handling_time_in_time_intervals": 1,
      "delivery_handling_time_in_time_intervals": 1,
      "number_of_time_windows": 0,
      "time_windows_start_time_intervals": [],
      "time_windows_end_time_intervals": [],
      "pickup_max_transit_time_in_time_intervals": 166,
      "delivery_max_transit_time_in_time_intervals": 166,
      "distances": [2195.0,2297.0,2984.0,3409.0,1423.0,1502.0,3646.0,3276.0,3011.0,2554.0,2973.0,2612.0,3321.0,2147.0,0.0,1712.0,3216.0,1700.0,2489.0,2612.0]
    },
    {
      "unlo_code": "SNDKR",
      "draught": 9.5,
      "total_movement_cost_pickup": 39312.0,
      "total_movement_cost_delivery": 117520.0,
      "call_fee_fixed_in_dollars": 1670.0,
      "call_fee_per_vessel_class_in_dollars": [6620.0,10470.0],
      "is_hub": false,
      "pickup_demand_in_ffe": 189,
      "delivery_demand_in_ffe": 565,
      "total_revenue_for_pickup": 238140.0,
      "total_revenue_for_delivery": 937900.0,
      "penalty_if_not_served_pickup": 23814000.0,
      "penalty_if_not_served_delivery": 93790000.0,
      "allowed_vessel_classes": [true,true],
      "pickup_handling_time_in_time_intervals": 1,
      "delivery_handling_time_in_time_intervals": 2,
      "number_of_time_windows": 0,
      "time_windows_start_time_intervals": [],
      "time_windows_end_time_intervals": [],
      "pickup_max_transit_time_in_time_intervals": 166,
      "delivery_max_transit_time_in_time_intervals": 166,
      "distances": [1485.0,1290.0,1977.0,2459.0,443.0,483.0,2691.0,2269.0,2004.0,1547.0,1971.0,1608.0,2314.0,1151.0,1712.0,0.0,2218.0,693.0,1482.0,1608.0]
    },
    {
      "unlo_code": "CGPNR",
      "draught": 9.5,
      "total_movement_cost_pickup": 2128.0,
      "total_movement_cost_delivery": 14896.0,
      "call_fee_fixed_in_dollars": 916.0,
      "call_fee_per_vessel_class_in_dollars": [13066.0,22516.0],
      "is_hub": false,
      "pickup_demand_in_ffe": 19,
      "delivery_demand_in_ffe": 133,
      "total_revenue_for_pickup": 39710.0,
      "total_revenue_for_delivery": 273980.0,
      "penalty_if_not_served_pickup": 3971000.0,
      "penalty_if_not_served_delivery": 27398000.0,
      "allowed_vessel_classes": [true,true],
      "pickup_handling_time_in_time_intervals": 1,
      "delivery_handling_time_in_time_intervals": 1,
      "number_of_time_windows": 0,
      "time_windows_start_time_intervals": [],
      "time_windows_end_time_intervals": [],
      "pickup_max_transit_time_in_time_intervals": 166,
      "delivery_max_transit_time_in_time_intervals": 166,
      "distances": [3626.0,1001.0,426.0,266.0,1793.0,1777.0,473.0,140.0,613.0,855.0,359.0,838.0,164.0,1088.0,3216.0,2218.0,0.0,1525.0,910.0,838.0]
    },
    {
      "unlo_code": "LRMLW",
      "draught": 8.0,
      "total_movement_cost_pickup": 9568.0,
      "total_movement_cost_delivery": 26128.0,
      "call_fee_fixed_in_dollars": 32401.0,
      "call_fee_per_vessel_class_in_dollars": [58951.0,79601.0],
      "is_hub": false,
      "pickup_demand_in_ffe": 52,
      "delivery_demand_in_ffe": 142,
      "total_revenue_for_pickup": 111800.0,
      "total_revenue_for_delivery": 328020.0,
      "penalty_if_not_served_pickup": 11180000.0,
      "penalty_if_not_served_delivery": 32802000.0,
      "allowed_vessel_classes": [true,false],
      "pickup_handling_time_in_time_intervals": 1,
      "delivery_handling_time_in_time_intervals": 1,
      "number_of_time_windows": 0,
      "time_windows_start_time_intervals": [],
      "time_windows_end_time_intervals": [],
      "pickup_max_transit_time_in_time_intervals": 166,
      "delivery_max_transit_time_in_time_intervals": 166,
      "distances": [2178.0,597.0,1284.0,1766.0,323.0,278.0,1998.0,1576.0,1311.0,854.0,1278.0,915.0,1621.0,469.0,1700.0,693.0,1525.0,0.0,789.0,915.0]
    },
    {
      "unlo_code": "TGLFW",
      "draught": 9.5,
      "total_movement_cost_pickup": 40460.0,
      "total_movement_cost_delivery": 119068.0,
      "call_fee_fixed_in_dollars": 6812.0,
      "call_fee_per_vessel_class_in_dollars": [7712.0,8412.0],
      "is_hub": false,
      "pickup_demand_in_ffe": 140,
      "delivery_demand_in_ffe": 412,
      "total_revenue_for_pickup": 218400.0,
      "total_revenue_for_delivery": 671560.0,
      "penalty_if_not_served_pickup": 21840000.0,
      "penalty_if_not_served_delivery": 67156000.0,
      "allowed_vessel_classes": [true,true],
      "pickup_handling_time_in_time_intervals": 1,
      "delivery_handling_time_in_time_intervals": 2,
      "number_of_time_windows": 0,
      "time_windows_start_time_intervals": [],
      "time_windows_end_time_intervals": [],
      "pickup_max_transit_time_in_time_intervals": 166,
      "delivery_max_transit_time_in_time_intervals": 166,
      "distances": [2887.0,200.0,596.0,1176.0,1112.0,1029.0,1383.0,1050.0,522.0,71.0,584.0,134.0,1066.0,349.0,2489.0,1482.0,910.0,789.0,0.0,134.0]
    },
    {
      "unlo_code": "NGAPP-2",
      "draught": 11.0,
      "total_movement_cost_pickup": 0.0,
      "total_movement_cost_delivery": 151508.0,
      "call_fee_fixed_in_dollars": 34988.0,
      "call_fee_per_vessel_class_in_dollars": [39938.0,43788.0],
      "is_hub": false,
      "pickup_demand_in_ffe": 0,
      "delivery_demand_in_ffe": 773,
      "total_revenue_for_pickup": 0.0,
      "total_revenue_for_delivery": 1337290.0,
      "penalty_if_not_served_pickup": 0.0,
      "penalty_if_not_served_delivery": 133729000.0,
      "allowed_vessel_classes": [true,true],
      "pickup_handling_time_in_time_intervals": 1,
      "delivery_handling_time_in_time_intervals": 2,
      "number_of_time_windows": 0,
      "time_windows_start_time_intervals": [],
      "time_windows_end_time_intervals": [],
      "pickup_max_transit_time_in_time_intervals": 166,
      "delivery_max_transit_time_in_time_intervals": 166,
      "distances": [3000.0,321.0,515.0,1104.0,1211.0,1150.0,1311.0,933.0,449.0,64.0,540.0,0.0,1002.0,478.0,2612.0,1608.0,838.0,915.0,134.0,0.0]
    }
  ],
  "vessel_classes": [
    {
      "vessel_class_name": "Feeder_450",
      "capacity_in_ffe": 450,
      "time_charter_cost_per_time_interval": 1666.6667,
      "draught": 8.0,
      "cost_when_idle_in_dollars_per_time_interval": 300.0,
      "number_of_available_vessels": 1,
      "speeds_in_miles_per_time_interval": [80.0,96.0,112.0],
      "speed_costs_in_dollars_per_time_interval": [1359.9537,2350.0,3731.713]
    },
    {
      "vessel_class_name": "Feeder_800",
      "capacity_in_ffe": 800,
      "time_charter_cost_per_time_interval": 2666.6667,
      "draught": 9.5,
      "cost_when_idle_in_dollars_per_time_interval": 312.5,
      "number_of_available_vessels": 3,
      "speeds_in_miles_per_time_interval": [80.0,108.0,136.0],
      "speed_costs_in_dollars_per_time_interval": [1079.6283,2656.2904,5304.2137]
    }
  ],
  "distances": [
    [
      0.0,
      2695.0,
      3382.0,
      3883.0,
      1928.0,
      1968.0,
      4099.0,
      3725.0,
      3409.0,
      2952.0,
      3388.0,
      3000.0,
      3769.0,
      2538.0,
      2195.0,
      1485.0,
      3626.0,
      2178.0,
      2887.0,
      3000.0
    ],
    [
      2695.0,
      0.0,
      687.0,
      1254.0,
      920.0,
      829.0,
      1474.0,
      1064.0,
      722.0,
      257.0,
      698.0,
      321.0,
      1105.0,
      157.0,
      2297.0,
      1290.0,
      1001.0,
      597.0,
      200.0,
      321.0
    ],
    [
      3382.0,
      687.0,
      0.0,
      676.0,
      1607.0,
      1516.0,
      899.0,
      553.0,
      228.0,
      547.0,
      83.0,
      515.0,
      571.0,
      844.0,
      2984.0,
      1977.0,
      426.0,
      1284.0,
      596.0,
      515.0
    ],
    [
      3883.0,
      1254.0,
      676.0,
      0.0,
      2059.0,
      2034.0,
      237.0,
      190.0,
      879.0,
      1121.0,
      593.0,
      1104.0,
      269.0,
      1345.0,
      3409.0,
      2459.0,
      266.0,
      1766.0,
      1176.0,
      1104.0
    ],
    [
      1928.0,
      920.0,
      1607.0,
      2059.0,
      0.0,
      93.0,
      2266.0,
      1899.0,
      1634.0,
      1177.0,
      1550.0,
      1211.0,
      1915.0,
      782.0,
      1423.0,
      443.0,
      1793.0,
      323.0,
      1112.0,
      1211.0
    ],
    [
      1968.0,
      829.0,
      1516.0,
      2034.0,
      93.0,
      0.0,
      2250.0,
      1854.0,
      1551.0,
      1086.0,
      1496.0,
      1150.0,
      1844.0,
      689.0,
      1502.0,
      483.0,
      1777.0,
      278.0,
      1029.0,
      1150.0
    ],
    [
      4099.0,
      1474.0,
      899.0,
      237.0,
      2266.0,
      2250.0,
      0.0,
      427.0,
      1086.0,
      1328.0,
      830.0,
      1311.0,
      506.0,
      1561.0,
      3646.0,
      2691.0,
      473.0,
      1998.0,
      1383.0,
      1311.0
    ],
    [
      3725.0,
      1064.0,
      553.0,
      190.0,
      1899.0,
      1854.0,
      427.0,
      0.0,
      742.0,
      995.0,
      470.0,
      933.0,
      304.0,
      1187.0,
      3276.0,
      2269.0,
      140.0,
      1576.0,
      1050.0,
      933.0
    ],
    [
      3409.0,
      722.0,
      228.0,
      879.0,
      1634.0,
      1551.0,
      1086.0,
      742.0,
      0.0,
      486.0,
      297.0,
      449.0,
      777.0,
      871.0,
      3011.0,
      2004.0,
      613.0,
      1311.0,
      522.0,
      449.0
    ],
    [
      2952.0,
      257.0,
      547.0,
      1121.0,
      1177.0,
      1086.0,
      1328.0,
      995.0,
      486.0,
      0.0,
      564.0,
      64.0,
      1006.0,
      414.0,
      2554.0,
      1547.0,
      855.0,
      854.0,
      71.0,
      64.0
    ],
    [
      3388.0,
      698.0,
      83.0,
      593.0,
      1550.0,
      1496.0,
      830.0,
      470.0,
      297.0,
      564.0,
      0.0,
      540.0,
      502.0,
      850.0,
      2973.0,
      1971.0,
      359.0,
      1278.0,
      584.0,
      540.0
    ],
    [
      3000.0,
      321.0,
      515.0,
      1104.0,
      1211.0,
      1150.0,
      1311.0,
      933.0,
      449.0,
      64.0,
      540.0,
      0.0,
      1002.0,
      478.0,
      2612.0,
      1608.0,
      838.0,
      915.0,
      134.0,
      0.0
    ],
    [
      3769.0,
      1105.0,
      571.0,
      269.0,
      1915.0,
      1844.0,
      506.0,
      304.0,
      777.0,
      1006.0,
      502.0,
      1002.0,
      0.0,
      1231.0,
      3321.0,
      2314.0,
      164.0,
      1621.0,
      1066.0,
      1002.0
    ],
    [
      2538.0,
      157.0,
      844.0,
      1345.0,
      782.0,
      689.0,
      1561.0,
      1187.0,
      871.0,
      414.0,
      850.0,
      478.0,
      1231.0,
      0.0,
      2147.0,
      1151.0,
      1088.0,
      469.0,
      349.0,
      478.0
    ],
    [
      2195.0,
      2297.0,
      2984.0,
      3409.0,
      1423.0,
      1502.0,
      3646.0,
      3276.0,
      3011.0,
      2554.0,
      2973.0,
      2612.0,
      3321.0,
      2147.0,
      0.0,
      1712.0,
      3216.0,
      1700.0,
      2489.0,
      2612.0
    ],
    [
      1485.0,
      1290.0,
      1977.0,
      2459.0,
      443.0,
      483.0,
      2691.0,
      2269.0,
      2004.0,
      1547.0,
      1971.0,
      1608.0,
      2314.0,
      1151.0,
      1712.0,
      0.0,
      2218.0,
      693.0,
      1482.0,
      1608.0
    ],
    [
      3626.0,
      1001.0,
      426.0,
      266.0,
      1793.0,
      1777.0,
      473.0,
      140.0,
      613.0,
      855.0,
      359.0,
      838.0,
      164.0,
      1088.0,
      3216.0,
      2218.0,
      0.0,
      1525.0,
      910.0,
      838.0
    ],
    [
      2178.0,
      597.0,
      1284.0,
      1766.0,
      323.0,
      278.0,
      1998.0,
      1576.0,
      1311.0,
      854.0,
      1278.0,
      915.0,
      1621.0,
      469.0,
      1700.0,
      693.0,
      1525.0,
      0.0,
      789.0,
      915.0
    ],
    [
      2887.0,
      200.0,
      596.0,
      1176.0,
      1112.0,
      1029.0,
      1383.0,
      1050.0,
      522.0,
      71.0,
      584.0,
      134.0,
      1066.0,
      349.0,
      2489.0,
      1482.0,
      910.0,
      789.0,
      0.0,
      134.0
    ],
    [
      3000.0,
      321.0,
      515.0,
      1104.0,
      1211.0,
      1150.0,
      1311.0,
      933.0,
      449.0,
      64.0,
      540.0,
      0.0,
      1002.0,
      478.0,
      2612.0,
      1608.0,
      838.0,
      915.0,
      134.0,
      0.0
    ]
  ]
}
